#include "stdio.h"
float protocol_overhead = 0.08;

// 1- 1x10^(-6),  2- 1.5x10^(-6), ......, 19- 10x10^(-6)
float overhead_ratio_phy[19][100] = {
{0.0008, 0.0017, 0.0025, 0.0034, 0.0042, 0.0050, 0.0058, 0.0066, 0.0075, 0.0083, 0.0091, 0.0099, 0.0107, 0.0115, 0.0123, 0.0131, 0.0139, 0.0146, 0.0154, 0.0162, 0.0170, 0.0177, 0.0185, 0.0193, 0.0200, 0.0208, 0.0215, 0.0223, 0.0230, 0.0238, 0.0245, 0.0253, 0.0260, 0.0267, 0.0275, 0.0282, 0.0289, 0.0296, 0.0303, 0.0311, 0.0318, 0.0325, 0.0332, 0.0339, 0.0346, 0.0353, 0.0360, 0.0367, 0.0374, 0.0380, 0.0387, 0.0394, 0.0401, 0.0408, 0.0414, 0.0421, 0.0428, 0.0434, 0.0441, 0.0448, 0.0454, 0.0461, 0.0467, 0.0474, 0.0480, 0.0487, 0.0493, 0.0500, 0.0506, 0.0513, 0.0519, 0.0525, 0.0532, 0.0538, 0.0544, 0.0550, 0.0557, 0.0563, 0.0569, 0.0575, 0.0581, 0.0587, 0.0593, 0.0599, 0.0605, 0.0611, 0.0617, 0.0623, 0.0629, 0.0635, 0.0641, 0.0647, 0.0653, 0.0659, 0.0665, 0.0671, 0.0676, 0.0682, 0.0688, 0.0694},
{0.0013, 0.0025, 0.0038, 0.0050, 0.0062, 0.0075, 0.0087, 0.0099, 0.0111, 0.0123, 0.0135, 0.0146, 0.0158, 0.0170, 0.0181, 0.0193, 0.0204, 0.0215, 0.0227, 0.0238, 0.0249, 0.0260, 0.0271, 0.0282, 0.0293, 0.0303, 0.0314, 0.0325, 0.0335, 0.0346, 0.0356, 0.0367, 0.0377, 0.0387, 0.0398, 0.0408, 0.0418, 0.0428, 0.0438, 0.0448, 0.0458, 0.0467, 0.0477, 0.0487, 0.0497, 0.0506, 0.0516, 0.0525, 0.0535, 0.0544, 0.0553, 0.0563, 0.0572, 0.0581, 0.0590, 0.0599, 0.0608, 0.0617, 0.0626, 0.0635, 0.0644, 0.0653, 0.0662, 0.0671, 0.0679, 0.0688, 0.0697, 0.0705, 0.0714, 0.0722, 0.0731, 0.0739, 0.0747, 0.0756, 0.0764, 0.0772, 0.0780, 0.0788, 0.0797, 0.0805, 0.0813, 0.0821, 0.0829, 0.0836, 0.0844, 0.0852, 0.0860, 0.0868, 0.0876, 0.0883, 0.0891, 0.0899, 0.0906, 0.0914, 0.0921, 0.0929, 0.0936, 0.0944, 0.0951, 0.0958},
{0.0017, 0.0034, 0.0050, 0.0066, 0.0083, 0.0099, 0.0115, 0.0131, 0.0146, 0.0162, 0.0177, 0.0193, 0.0208, 0.0223, 0.0238, 0.0253, 0.0267, 0.0282, 0.0296, 0.0311, 0.0325, 0.0339, 0.0353, 0.0367, 0.0380, 0.0394, 0.0408, 0.0421, 0.0434, 0.0448, 0.0461, 0.0474, 0.0487, 0.0500, 0.0513, 0.0525, 0.0538, 0.0550, 0.0563, 0.0575, 0.0587, 0.0599, 0.0611, 0.0623, 0.0635, 0.0647, 0.0659, 0.0671, 0.0682, 0.0694, 0.0705, 0.0716, 0.0728, 0.0739, 0.0750, 0.0761, 0.0772, 0.0783, 0.0794, 0.0805, 0.0815, 0.0826, 0.0836, 0.0847, 0.0857, 0.0868, 0.0878, 0.0888, 0.0899, 0.0909, 0.0919, 0.0929, 0.0939, 0.0949, 0.0958, 0.0968, 0.0978, 0.0988, 0.0997, 0.1007, 0.1016, 0.1026, 0.1035, 0.1044, 0.1054, 0.1063, 0.1072, 0.1081, 0.1090, 0.1099, 0.1108, 0.1117, 0.1126, 0.1135, 0.1143, 0.1152, 0.1161, 0.1170, 0.1178, 0.1187},
{0.0021, 0.0042, 0.0062, 0.0083, 0.0103, 0.0123, 0.0142, 0.0162, 0.0181, 0.0200, 0.0219, 0.0238, 0.0256, 0.0275, 0.0293, 0.0311, 0.0328, 0.0346, 0.0363, 0.0380, 0.0398, 0.0414, 0.0431, 0.0448, 0.0464, 0.0480, 0.0497, 0.0513, 0.0528, 0.0544, 0.0560, 0.0575, 0.0590, 0.0605, 0.0620, 0.0635, 0.0650, 0.0665, 0.0679, 0.0694, 0.0708, 0.0722, 0.0736, 0.0750, 0.0764, 0.0778, 0.0791, 0.0805, 0.0818, 0.0831, 0.0844, 0.0857, 0.0870, 0.0883, 0.0896, 0.0909, 0.0921, 0.0934, 0.0946, 0.0958, 0.0971, 0.0983, 0.0995, 0.1007, 0.1019, 0.1030, 0.1042, 0.1054, 0.1065, 0.1077, 0.1088, 0.1099, 0.1110, 0.1121, 0.1133, 0.1143, 0.1154, 0.1165, 0.1176, 0.1187, 0.1197, 0.1208, 0.1218, 0.1229, 0.1239, 0.1249, 0.1259, 0.1270, 0.1280, 0.1290, 0.1300, 0.1310, 0.1319, 0.1329, 0.1339, 0.1348, 0.1358, 0.1368, 0.1377, 0.1386},
{0.0025, 0.0050, 0.0075, 0.0099, 0.0123, 0.0146, 0.0170, 0.0193, 0.0215, 0.0238, 0.0260, 0.0282, 0.0303, 0.0325, 0.0346, 0.0367, 0.0387, 0.0408, 0.0428, 0.0448, 0.0467, 0.0487, 0.0506, 0.0525, 0.0544, 0.0563, 0.0581, 0.0599, 0.0617, 0.0635, 0.0653, 0.0671, 0.0688, 0.0705, 0.0722, 0.0739, 0.0756, 0.0772, 0.0788, 0.0805, 0.0821, 0.0836, 0.0852, 0.0868, 0.0883, 0.0899, 0.0914, 0.0929, 0.0944, 0.0958, 0.0973, 0.0988, 0.1002, 0.1016, 0.1030, 0.1044, 0.1058, 0.1072, 0.1086, 0.1099, 0.1113, 0.1126, 0.1139, 0.1152, 0.1165, 0.1178, 0.1191, 0.1204, 0.1216, 0.1229, 0.1241, 0.1253, 0.1266, 0.1278, 0.1290, 0.1302, 0.1313, 0.1325, 0.1337, 0.1348, 0.1360, 0.1371, 0.1383, 0.1394, 0.1405, 0.1416, 0.1427, 0.1438, 0.1449, 0.1460, 0.1470, 0.1481, 0.1492, 0.1502, 0.1513, 0.1523, 0.1533, 0.1543, 0.1553, 0.1564},
{0.0029, 0.0058, 0.0087, 0.0115, 0.0142, 0.0170, 0.0196, 0.0223, 0.0249, 0.0275, 0.0300, 0.0325, 0.0349, 0.0374, 0.0398, 0.0421, 0.0444, 0.0467, 0.0490, 0.0513, 0.0535, 0.0557, 0.0578, 0.0599, 0.0620, 0.0641, 0.0662, 0.0682, 0.0702, 0.0722, 0.0742, 0.0761, 0.0780, 0.0799, 0.0818, 0.0836, 0.0855, 0.0873, 0.0891, 0.0909, 0.0926, 0.0944, 0.0961, 0.0978, 0.0995, 0.1011, 0.1028, 0.1044, 0.1060, 0.1077, 0.1092, 0.1108, 0.1124, 0.1139, 0.1154, 0.1170, 0.1185, 0.1199, 0.1214, 0.1229, 0.1243, 0.1257, 0.1272, 0.1286, 0.1300, 0.1313, 0.1327, 0.1341, 0.1354, 0.1368, 0.1381, 0.1394, 0.1407, 0.1420, 0.1433, 0.1445, 0.1458, 0.1470, 0.1483, 0.1495, 0.1507, 0.1519, 0.1531, 0.1543, 0.1555, 0.1567, 0.1579, 0.1590, 0.1602, 0.1613, 0.1624, 0.1635, 0.1646, 0.1658, 0.1668, 0.1679, 0.1690, 0.1701, 0.1711, 0.1722},
{0.0034, 0.0066, 0.0099, 0.0131, 0.0162, 0.0193, 0.0223, 0.0253, 0.0282, 0.0311, 0.0339, 0.0367, 0.0394, 0.0421, 0.0448, 0.0474, 0.0500, 0.0525, 0.0550, 0.0575, 0.0599, 0.0623, 0.0647, 0.0671, 0.0694, 0.0716, 0.0739, 0.0761, 0.0783, 0.0805, 0.0826, 0.0847, 0.0868, 0.0888, 0.0909, 0.0929, 0.0949, 0.0968, 0.0988, 0.1007, 0.1026, 0.1044, 0.1063, 0.1081, 0.1099, 0.1117, 0.1135, 0.1152, 0.1170, 0.1187, 0.1204, 0.1220, 0.1237, 0.1253, 0.1270, 0.1286, 0.1302, 0.1317, 0.1333, 0.1348, 0.1364, 0.1379, 0.1394, 0.1409, 0.1424, 0.1438, 0.1453, 0.1467, 0.1481, 0.1495, 0.1509, 0.1523, 0.1537, 0.1550, 0.1564, 0.1577, 0.1590, 0.1603, 0.1616, 0.1629, 0.1642, 0.1654, 0.1667, 0.1679, 0.1692, 0.1704, 0.1716, 0.1728, 0.1740, 0.1752, 0.1764, 0.1775, 0.1787, 0.1798, 0.1810, 0.1821, 0.1832, 0.1843, 0.1854, 0.1865},
{0.0038, 0.0075, 0.0111, 0.0146, 0.0181, 0.0215, 0.0249, 0.0282, 0.0314, 0.0346, 0.0377, 0.0408, 0.0438, 0.0467, 0.0497, 0.0525, 0.0553, 0.0581, 0.0608, 0.0635, 0.0662, 0.0688, 0.0714, 0.0739, 0.0764, 0.0788, 0.0813, 0.0836, 0.0860, 0.0883, 0.0906, 0.0929, 0.0951, 0.0973, 0.0995, 0.1016, 0.1037, 0.1058, 0.1079, 0.1099, 0.1119, 0.1139, 0.1159, 0.1178, 0.1197, 0.1216, 0.1235, 0.1253, 0.1272, 0.1290, 0.1308, 0.1325, 0.1343, 0.1360, 0.1377, 0.1394, 0.1411, 0.1427, 0.1444, 0.1460, 0.1476, 0.1492, 0.1507, 0.1523, 0.1538, 0.1553, 0.1569, 0.1583, 0.1598, 0.1613, 0.1627, 0.1642, 0.1656, 0.1670, 0.1684, 0.1698, 0.1711, 0.1725, 0.1738, 0.1752, 0.1765, 0.1778, 0.1791, 0.1804, 0.1817, 0.1829, 0.1842, 0.1854, 0.1866, 0.1879, 0.1891, 0.1903, 0.1915, 0.1926, 0.1938, 0.1950, 0.1961, 0.1973, 0.1984, 0.1995},
{0.0042, 0.0083, 0.0123, 0.0162, 0.0200, 0.0238, 0.0275, 0.0311, 0.0346, 0.0380, 0.0414, 0.0448, 0.0480, 0.0513, 0.0544, 0.0575, 0.0605, 0.0635, 0.0665, 0.0694, 0.0722, 0.0750, 0.0778, 0.0805, 0.0831, 0.0857, 0.0883, 0.0909, 0.0934, 0.0958, 0.0983, 0.1007, 0.1030, 0.1054, 0.1077, 0.1099, 0.1121, 0.1143, 0.1165, 0.1187, 0.1208, 0.1229, 0.1249, 0.1270, 0.1290, 0.1310, 0.1329, 0.1348, 0.1368, 0.1386, 0.1405, 0.1424, 0.1442, 0.1460, 0.1478, 0.1495, 0.1513, 0.1530, 0.1547, 0.1564, 0.1580, 0.1597, 0.1613, 0.1629, 0.1645, 0.1661, 0.1676, 0.1692, 0.1707, 0.1722, 0.1737, 0.1752, 0.1766, 0.1781, 0.1795, 0.1810, 0.1824, 0.1838, 0.1851, 0.1865, 0.1879, 0.1892, 0.1905, 0.1919, 0.1932, 0.1945, 0.1957, 0.1970, 0.1983, 0.1995, 0.2007, 0.2020, 0.2032, 0.2044, 0.2056, 0.2068, 0.2079, 0.2091, 0.2103, 0.2114},
{0.0046, 0.0091, 0.0135, 0.0177, 0.0219, 0.0260, 0.0300, 0.0339, 0.0377, 0.0414, 0.0451, 0.0487, 0.0522, 0.0557, 0.0590, 0.0623, 0.0656, 0.0688, 0.0719, 0.0750, 0.0780, 0.0810, 0.0839, 0.0868, 0.0896, 0.0924, 0.0951, 0.0978, 0.1004, 0.1030, 0.1056, 0.1081, 0.1106, 0.1130, 0.1154, 0.1178, 0.1201, 0.1225, 0.1247, 0.1270, 0.1292, 0.1313, 0.1335, 0.1356, 0.1377, 0.1398, 0.1418, 0.1438, 0.1458, 0.1478, 0.1497, 0.1516, 0.1535, 0.1553, 0.1572, 0.1590, 0.1608, 0.1626, 0.1643, 0.1661, 0.1678, 0.1695, 0.1711, 0.1728, 0.1744, 0.1761, 0.1777, 0.1792, 0.1808, 0.1824, 0.1839, 0.1854, 0.1869, 0.1884, 0.1899, 0.1913, 0.1928, 0.1942, 0.1956, 0.1970, 0.1984, 0.1998, 0.2011, 0.2025, 0.2038, 0.2051, 0.2064, 0.2077, 0.2090, 0.2103, 0.2115, 0.2128, 0.2140, 0.2152, 0.2164, 0.2176, 0.2188, 0.2200, 0.2212, 0.2223},
{0.0050, 0.0099, 0.0146, 0.0193, 0.0238, 0.0282, 0.0325, 0.0367, 0.0408, 0.0448, 0.0487, 0.0525, 0.0563, 0.0599, 0.0635, 0.0671, 0.0705, 0.0739, 0.0772, 0.0805, 0.0836, 0.0868, 0.0899, 0.0929, 0.0958, 0.0988, 0.1016, 0.1044, 0.1072, 0.1099, 0.1126, 0.1152, 0.1178, 0.1204, 0.1229, 0.1253, 0.1278, 0.1302, 0.1325, 0.1348, 0.1371, 0.1394, 0.1416, 0.1438, 0.1460, 0.1481, 0.1502, 0.1523, 0.1543, 0.1564, 0.1583, 0.1603, 0.1623, 0.1642, 0.1661, 0.1679, 0.1698, 0.1716, 0.1734, 0.1752, 0.1769, 0.1787, 0.1804, 0.1821, 0.1838, 0.1854, 0.1871, 0.1887, 0.1903, 0.1919, 0.1934, 0.1950, 0.1965, 0.1980, 0.1995, 0.2010, 0.2025, 0.2039, 0.2053, 0.2068, 0.2082, 0.2096, 0.2109, 0.2123, 0.2137, 0.2150, 0.2163, 0.2176, 0.2189, 0.2202, 0.2215, 0.2228, 0.2240, 0.2252, 0.2265, 0.2277, 0.2289, 0.2301, 0.2313, 0.2324},
{0.0054, 0.0107, 0.0158, 0.0208, 0.0256, 0.0303, 0.0349, 0.0394, 0.0438, 0.0480, 0.0522, 0.0563, 0.0602, 0.0641, 0.0679, 0.0716, 0.0753, 0.0788, 0.0823, 0.0857, 0.0891, 0.0924, 0.0956, 0.0988, 0.1019, 0.1049, 0.1079, 0.1108, 0.1137, 0.1165, 0.1193, 0.1220, 0.1247, 0.1274, 0.1300, 0.1325, 0.1350, 0.1375, 0.1400, 0.1424, 0.1447, 0.1470, 0.1493, 0.1516, 0.1538, 0.1560, 0.1582, 0.1603, 0.1624, 0.1645, 0.1665, 0.1686, 0.1705, 0.1725, 0.1744, 0.1764, 0.1782, 0.1801, 0.1819, 0.1838, 0.1856, 0.1873, 0.1891, 0.1908, 0.1925, 0.1942, 0.1959, 0.1975, 0.1991, 0.2007, 0.2023, 0.2039, 0.2055, 0.2070, 0.2085, 0.2100, 0.2115, 0.2130, 0.2144, 0.2159, 0.2173, 0.2187, 0.2201, 0.2215, 0.2229, 0.2242, 0.2255, 0.2269, 0.2282, 0.2295, 0.2308, 0.2320, 0.2333, 0.2345, 0.2358, 0.2370, 0.2382, 0.2394, 0.2406, 0.2418},
{0.0058, 0.0115, 0.0170, 0.0223, 0.0275, 0.0325, 0.0374, 0.0421, 0.0467, 0.0513, 0.0557, 0.0599, 0.0641, 0.0682, 0.0722, 0.0761, 0.0799, 0.0837, 0.0873, 0.0909, 0.0944, 0.0978, 0.1011, 0.1044, 0.1077, 0.1108, 0.1139, 0.1170, 0.1199, 0.1229, 0.1257, 0.1286, 0.1313, 0.1341, 0.1368, 0.1394, 0.1420, 0.1445, 0.1470, 0.1495, 0.1519, 0.1543, 0.1567, 0.1590, 0.1613, 0.1635, 0.1658, 0.1679, 0.1701, 0.1722, 0.1743, 0.1764, 0.1784, 0.1804, 0.1824, 0.1843, 0.1862, 0.1881, 0.1900, 0.1919, 0.1937, 0.1955, 0.1973, 0.1990, 0.2007, 0.2025, 0.2042, 0.2058, 0.2075, 0.2091, 0.2107, 0.2123, 0.2139, 0.2154, 0.2170, 0.2185, 0.2200, 0.2215, 0.2230, 0.2244, 0.2259, 0.2273, 0.2287, 0.2301, 0.2315, 0.2328, 0.2342, 0.2355, 0.2368, 0.2381, 0.2394, 0.2407, 0.2420, 0.2432, 0.2445, 0.2457, 0.2469, 0.2481, 0.2493, 0.2505},
{0.0062, 0.0123, 0.0181, 0.0238, 0.0293, 0.0346, 0.0398, 0.0448, 0.0497, 0.0544, 0.0590, 0.0635, 0.0679, 0.0722, 0.0764, 0.0805, 0.0844, 0.0883, 0.0921, 0.0958, 0.0995, 0.1030, 0.1065, 0.1099, 0.1133, 0.1165, 0.1197, 0.1229, 0.1259, 0.1290, 0.1319, 0.1348, 0.1377, 0.1405, 0.1433, 0.1460, 0.1486, 0.1513, 0.1538, 0.1564, 0.1588, 0.1613, 0.1637, 0.1661, 0.1684, 0.1707, 0.1730, 0.1752, 0.1774, 0.1795, 0.1817, 0.1838, 0.1858, 0.1879, 0.1899, 0.1919, 0.1938, 0.1957, 0.1976, 0.1995, 0.2014, 0.2032, 0.2050, 0.2068, 0.2085, 0.2103, 0.2120, 0.2137, 0.2153, 0.2170, 0.2186, 0.2202, 0.2218, 0.2234, 0.2249, 0.2265, 0.2280, 0.2295, 0.2310, 0.2324, 0.2339, 0.2353, 0.2367, 0.2381, 0.2395, 0.2409, 0.2422, 0.2436, 0.2449, 0.2462, 0.2475, 0.2488, 0.2501, 0.2513, 0.2526, 0.2538, 0.2550, 0.2562, 0.2574, 0.2586},
{0.0066, 0.0131, 0.0193, 0.0253, 0.0311, 0.0367, 0.0421, 0.0474, 0.0525, 0.0575, 0.0623, 0.0671, 0.0716, 0.0761, 0.0805, 0.0847, 0.0888, 0.0929, 0.0968, 0.1007, 0.1044, 0.1081, 0.1117, 0.1152, 0.1187, 0.1220, 0.1253, 0.1286, 0.1317, 0.1348, 0.1379, 0.1409, 0.1438, 0.1467, 0.1495, 0.1523, 0.1550, 0.1577, 0.1603, 0.1629, 0.1654, 0.1679, 0.1704, 0.1728, 0.1752, 0.1775, 0.1798, 0.1821, 0.1843, 0.1865, 0.1887, 0.1908, 0.1929, 0.1950, 0.1970, 0.1990, 0.2010, 0.2029, 0.2049, 0.2068, 0.2086, 0.2105, 0.2123, 0.2141, 0.2159, 0.2176, 0.2194, 0.2211, 0.2228, 0.2244, 0.2261, 0.2277, 0.2293, 0.2309, 0.2324, 0.2340, 0.2355, 0.2370, 0.2385, 0.2400, 0.2414, 0.2429, 0.2443, 0.2457, 0.2471, 0.2485, 0.2498, 0.2512, 0.2525, 0.2538, 0.2551, 0.2564, 0.2577, 0.2589, 0.2602, 0.2614, 0.2627, 0.2639, 0.2651, 0.2662},
{0.0071, 0.0139, 0.0204, 0.0267, 0.0328, 0.0387, 0.0444, 0.0500, 0.0553, 0.0605, 0.0656, 0.0705, 0.0753, 0.0799, 0.0844, 0.0888, 0.0931, 0.0973, 0.1014, 0.1054, 0.1092, 0.1130, 0.1167, 0.1204, 0.1239, 0.1274, 0.1308, 0.1341, 0.1373, 0.1405, 0.1436, 0.1467, 0.1497, 0.1526, 0.1555, 0.1583, 0.1611, 0.1639, 0.1665, 0.1692, 0.1718, 0.1743, 0.1768, 0.1792, 0.1817, 0.1840, 0.1864, 0.1887, 0.1909, 0.1932, 0.1954, 0.1975, 0.1996, 0.2017, 0.2038, 0.2058, 0.2078, 0.2098, 0.2117, 0.2137, 0.2155, 0.2174, 0.2193, 0.2211, 0.2229, 0.2246, 0.2264, 0.2281, 0.2298, 0.2315, 0.2331, 0.2347, 0.2363, 0.2379, 0.2395, 0.2411, 0.2426, 0.2441, 0.2456, 0.2471, 0.2485, 0.2500, 0.2514, 0.2528, 0.2542, 0.2556, 0.2570, 0.2583, 0.2596, 0.2610, 0.2623, 0.2636, 0.2648, 0.2661, 0.2673, 0.2686, 0.2698, 0.2710, 0.2722, 0.2734},
{0.0075, 0.0146, 0.0215, 0.0282, 0.0346, 0.0408, 0.0467, 0.0525, 0.0581, 0.0635, 0.0688, 0.0739, 0.0788, 0.0837, 0.0883, 0.0929, 0.0973, 0.1016, 0.1058, 0.1099, 0.1139, 0.1178, 0.1216, 0.1253, 0.1290, 0.1325, 0.1360, 0.1394, 0.1427, 0.1460, 0.1492, 0.1523, 0.1553, 0.1583, 0.1613, 0.1642, 0.1670, 0.1698, 0.1725, 0.1752, 0.1778, 0.1804, 0.1829, 0.1854, 0.1879, 0.1903, 0.1926, 0.1950, 0.1973, 0.1995, 0.2017, 0.2039, 0.2061, 0.2082, 0.2103, 0.2123, 0.2143, 0.2163, 0.2183, 0.2202, 0.2221, 0.2240, 0.2259, 0.2277, 0.2295, 0.2313, 0.2330, 0.2347, 0.2364, 0.2381, 0.2398, 0.2414, 0.2430, 0.2446, 0.2462, 0.2478, 0.2493, 0.2508, 0.2523, 0.2538, 0.2553, 0.2567, 0.2582, 0.2596, 0.2610, 0.2623, 0.2637, 0.2651, 0.2664, 0.2677, 0.2690, 0.2703, 0.2716, 0.2728, 0.2741, 0.2753, 0.2765, 0.2778, 0.2789, 0.2801},
{0.0079, 0.0154, 0.0227, 0.0296, 0.0363, 0.0428, 0.0490, 0.0550, 0.0608, 0.0665, 0.0719, 0.0772, 0.0823, 0.0873, 0.0921, 0.0968, 0.1014, 0.1058, 0.1101, 0.1143, 0.1185, 0.1225, 0.1264, 0.1302, 0.1339, 0.1375, 0.1411, 0.1445, 0.1479, 0.1513, 0.1545, 0.1577, 0.1608, 0.1639, 0.1668, 0.1698, 0.1727, 0.1755, 0.1782, 0.1810, 0.1836, 0.1862, 0.1888, 0.1913, 0.1938, 0.1962, 0.1986, 0.2010, 0.2033, 0.2056, 0.2078, 0.2100, 0.2122, 0.2143, 0.2164, 0.2185, 0.2205, 0.2225, 0.2245, 0.2265, 0.2284, 0.2303, 0.2321, 0.2340, 0.2358, 0.2376, 0.2393, 0.2411, 0.2428, 0.2445, 0.2461, 0.2478, 0.2494, 0.2510, 0.2526, 0.2541, 0.2557, 0.2572, 0.2587, 0.2602, 0.2617, 0.2631, 0.2645, 0.2660, 0.2673, 0.2687, 0.2701, 0.2714, 0.2728, 0.2741, 0.2754, 0.2767, 0.2780, 0.2792, 0.2805, 0.2817, 0.2829, 0.2841, 0.2853, 0.2865},
{0.0083, 0.0162, 0.0238, 0.0311, 0.0380, 0.0448, 0.0513, 0.0575, 0.0635, 0.0694, 0.0750, 0.0805, 0.0857, 0.0909, 0.0958, 0.1007, 0.1054, 0.1099, 0.1143, 0.1187, 0.1229, 0.1270, 0.1310, 0.1348, 0.1386, 0.1424, 0.1460, 0.1495, 0.1530, 0.1564, 0.1597, 0.1629, 0.1661, 0.1692, 0.1722, 0.1752, 0.1781, 0.1810, 0.1838, 0.1865, 0.1892, 0.1919, 0.1945, 0.1970, 0.1995, 0.2020, 0.2044, 0.2068, 0.2091, 0.2114, 0.2137, 0.2159, 0.2181, 0.2202, 0.2223, 0.2244, 0.2265, 0.2285, 0.2305, 0.2324, 0.2344, 0.2363, 0.2381, 0.2400, 0.2418, 0.2436, 0.2453, 0.2471, 0.2488, 0.2505, 0.2522, 0.2538, 0.2554, 0.2570, 0.2586, 0.2602, 0.2617, 0.2633, 0.2648, 0.2662, 0.2677, 0.2692, 0.2706, 0.2720, 0.2734, 0.2748, 0.2761, 0.2775, 0.2788, 0.2801, 0.2814, 0.2827, 0.2840, 0.2852, 0.2865, 0.2877, 0.2889, 0.2901, 0.2913, 0.2925}
};


